1344096
,1344783
,1349997
,1352348
,1374556
,1375185
,1389363
,1393263
,1398334
,1400751
,1402244
,1406636
,1409847
,1423379
,1423446
,1441148
,1445154
,1456198
,1463584
,1465307
,1468004
,1472875
,1477298
,1478475
,1481819
,1501502
,1504895
,1514818
,1515114
,1528473
,1532272
,1538289
,1538549
,1550871
,1559694
,1571832
,1574394
,1581329
,1622949
,1646097
,1325108
,1328074
,1330033
,1331371
,1340359
,1358406
,1368640
,1370188
,1379147
,1402828
,1406747
,1422384
,1423222
,1428906
,1450132
,1450897
,1452131
,1456297
,1459912
,1461693
,1473424
,1478863
,1481978
,1488285
,1517489
,1523373
,1523811
,1528150
,1541589
,1543496
,1546771
,1557493
,1569005
,1574388
,1578168
,1596420
,1599796
,1614337
,1624673
,1661277
,1695563
,1703944
,1337763
,1393560
,1398190
,1447310
,1464102
,1500841
,1513176
,1513598
,1540293
,1559057
,1565551
,1600492
,1660130
,1721744
,1374283
,1383928
,1410462
,1438624
,1447308
,1464195
,1487609
,1526996
,1565524
,1403341
,1376462
,1523194
,1572830
,1357007
,1473123
,1664861
,1477583
,1320724
,1327974
,1352350
,1367492
,1371760
,1379520
,1382802
,1383829
,1393274
,1402637
,1404390
,1404792
,1409653
,1422960
,1423226
,1432722
,1434702
,1441834
,1447120
,1469002
,1482469
,1483322
,1488283
,1495065
,1500435
,1500941
,1501329
,1501941
,1505990
,1510991
,1511960
,1518515
,1518811
,1521980
,1527069
,1531993
,1532122
,1536190
,1539598
,1539603
,1543179
,1555300
,1557129
,1565320
,1573370
,1571588
,1583346
,1592104
,1600608
,1615709
,1616122
,1638844
,1604452
,1676725
,1708945
,1324720
,1331807
,1344603
,1357504
,1392897
,1407439
,1410139
,1413032
,1414132
,1417468
,1422250
,1433933
,1443517
,1456134
,1464355
,1481182
,1481183
,1482201
,1494713
,1495752
,1513364
,1516665
,1516906
,1519316
,1524331
,1525708
,1538695
,1556432
,1560419
,1566172
,1604748
,1634698
,1638596
,1465100
,1475997
,1476257
,1505173
,1539095
,1590982
,1628589
,1323642
,1334846
,1371516
,1469977
,1483682
,1552288
,1452323
,1477630
,1358813
,1519623
,1559828
,1587615
,1505761
,1468061
,1325105
,1325106
,1336256
,1338695
,1341782
,1343447
,1353883
,1358402
,1376496
,1378016
,1386654
,1399613
,1404446
,1406694
,1418730
,1421445
,1441061
,1445460
,1446419
,1473534
,1478801
,1478845
,1481892
,1494750
,1495684
,1505763
,1508032
,1509457
,1510990
,1514240
,1514432
,1514898
,1515290
,1516661
,1517347
,1517622
,1521461
,1522215
,1523745
,1533832
,1535722
,1539356
,1540767
,1547318
,1553193
,1554429
,1582153
,1585464
,1590927
,1592409
,1599991
,1619921
,1632101
,1634518
,1657372
,1671311
,1336423
,1338693
,1343448
,1344056
,1352597
,1359309
,1375651
,1420091
,1469274
,1473186
,1479215
,1512268
,1521637
,1522745
,1534594
,1561313
,1561354
,1603951
,1610706
,1617410
,1624671
,1638419
,1662275
,1610012
,1620303
,1681412
,1695787
,1334664
,1374842
,1406571
,1418647
,1481067
,1563378
,1605669
,1417780
,1422656
,1517348
,1681400
,1509040
,1516908
,1536067
,1544531
,1699503
,1629125
,1363971
,1409825
,1664866
,1461903
,1496346
,1501732
,1421670
,1518292
,1321141
,1334934
,1354361
,1362591
,1390054
,1393721
,1409659
,1423354
,1426087
,1426732
,1427295
,1441165
,1446912
,1456094
,1457439
,1463796
,1466300
,1473926
,1481927
,1502093
,1506296
,1508063
,1508139
,1514649
,1519013
,1519320
,1520653
,1523092
,1524216
,1542436
,1546454
,1546565
,1547186
,1560589
,1561060
,1559415
,1568898
,1569249
,1570195
,1572644
,1587645
,1623431
,1662131
,1336057
,1345071
,1359310
,1374122
,1393186
,1405448
,1414158
,1414871
,1447663
,1457044
,1461663
,1460534
,1467367
,1483295
,1498910
,1500778
,1513578
,1513915
,1514008
,1518400
,1522289
,1539508
,1557128
,1564627
,1571545
,1571833
,1574401
,1586157
,1596202
,1609179
,1624918
,1667445
,1707152
,1334936
,1336286
,1344338
,1348181
,1414680
,1422252
,1510195
,1633563
,1641440
,1641960
,1386834
,1461107
,1543197
,1572744
,1486966
,1652509
,1702542
,1517329
,1452407
,1502223
,1577843
,1405716
,1355871
,1422779
,1324518
,1337530
,1338694
,1372452
,1372455
,1374158
,1379914
,1391110
,1411987
,1421213
,1422310
,1427577
,1445861
,1456130
,1465258
,1473709
,1477946
,1482867
,1484052
,1486954
,1497038
,1505775
,1510880
,1510882
,1510989
,1514223
,1514779
,1515798
,1519178
,1523381
,1523428
,1525589
,1527529
,1532767
,1551204
,1557275
,1561755
,1577846
,1619930
,1639610
,1681646
,1695578
,1353796
,1376499
,1391479
,1399612
,1403566
,1418590
,1431756
,1440892
,1481420
,1494767
,1532645
,1575812
,1577478
,1616124
,1647423
,1703273
,1717495
,1353792
,1380323
,1403568
,1413848
,1432085
,1433862
,1457821
,1460714
,1488005
,1504591
,1505754
,1505766
,1543780
,1591705
,1608328
,1690499
,1695557
,1367449
,1541639
,1601158
,1401322
,1541826
,1357042
,1504133
,1535474
,1482999
,1519314
,1547336
,1535943
,1661479
,1681644
,1712005
,1535944
,1381996
,1671071
,1506522
,1398315
,1554908
,1327973
,1328148
,1353542
,1360102
,1367009
,1375649
,1396592
,1421797
,1422435
,1423227
,1423431
,1437987
,1438936
,1453983
,1457820
,1459386
,1462124
,1461901
,1464560
,1468089
,1472568
,1473513
,1476959
,1481412
,1484686
,1489491
,1493351
,1495525
,1496741
,1514239
,1532061
,1532674
,1535959
,1539589
,1541969
,1548414
,1548608
,1560609
,1565523
,1567591
,1581949
,1587266
,1590965
,1603823
,1610707
,1634594
,1660677
,1683867
,1722389
,1385204
,1456836
,1469715
,1474237
,1499960
,1509940
,1514242
,1542794
,1547222
,1556089
,1592410
,1608695
,1636364
,1604481
,1695558
,1358636
,1391047
,1417135
,1429881
,1484049
,1484226
,1487552
,1487701
,1489671
,1517950
,1527060
,1528455
,1531605
,1538826
,1539353
,1542171
,1574865
,1626746
,1651888
,1669952
,1671364
,1620302
,1713612
,1717116
,1717123
,1534590
,1668449
,1516881
,1666677
,1359612
,1487539
,1507850
,1439706
,1609816
,1411996
,1490715
,1574459
,1519366
,1530483
,1555283
,1342176
,1564590
,1690998
,1326712
,1443521
,1343935
,1352351
,1429161
,1443880
,1447273
,1452990
,1460533
,1460854
,1468873
,1469257
,1477219
,1481203
,1483687
,1488547
,1499109
,1499595
,1512851
,1526442
,1527112
,1530414
,1535393
,1535614
,1542319
,1546563
,1547764
,1574074
,1574306
,1574398
,1581304
,1586071
,1592411
,1592482
,1614335
,1647606
,1651409
,1681100
,1691009
,1328465
,1345072
,1352349
,1371322
,1376498
,1388951
,1393722
,1398432
,1408010
,1419415
,1421444
,1423035
,1441959
,1443617
,1451571
,1455523
,1461220
,1464310
,1473110
,1481403
,1488251
,1505164
,1508821
,1509820
,1512533
,1512724
,1512726
,1514246
,1514683
,1521638
,1528058
,1540346
,1543641
,1546093
,1547078
,1555143
,1557273
,1557324
,1562015
,1566171
,1574387
,1574392
,1578964
,1643286
,1604356
,1712011
,1713587
,1406750
,1493064
,1542881
,1543138
,1557004
,1589671
,1680747
,1429163
,1628974
,1514824
,1539894
,1543539
,1592040
,1616126
,1624630
,1712003
,1515073
,1602357
,1553195
,1426699
,1331172
,1354128
,1356965
,1371324
,1382715
,1384488
,1397896
,1406335
,1408416
,1418564
,1421909
,1434766
,1443046
,1448419
,1448420
,1459908
,1463733
,1463775
,1464163
,1464608
,1468930
,1472513
,1489422
,1494196
,1498873
,1500607
,1504924
,1505070
,1505768
,1505991
,1512725
,1524575
,1526156
,1527987
,1528490
,1529969
,1530453
,1539210
,1546354
,1556398
,1566016
,1565350
,1568969
,1594244
,1615106
,1618085
,1625113
,1643027
,1661043
,1603034
,1681641
,1333498
,1345886
,1388949
,1396840
,1427547
,1441594
,1448424
,1472148
,1476256
,1487534
,1495965
,1498796
,1515800
,1521850
,1533768
,1534251
,1544305
,1553201
,1591068
,1594249
,1615169
,1619431
,1661311
,1354515
,1461691
,1482199
,1502172
,1528145
,1538908
,1543303
,1578976
,1598332
,1614988
,1636818
,1644166
,1389357
,1328194
,1419296
,1651398
,1390053
,1515321
,1527059
,1481413
,1525582
,1583488
,1359790
,1462333
,1494710
,1685496
,1444673
,1331770
,1382832
,1472637
,1500606
,1320810
,1328029
,1336304
,1346344
,1372326
,1391109
,1393213
,1396593
,1397148
,1407441
,1422740
,1423228
,1426595
,1427734
,1437841
,1453692
,1456127
,1461441
,1464660
,1470025
,1495750
,1502176
,1505767
,1519174
,1521692
,1526576
,1529730
,1543695
,1547941
,1554940
,1559569
,1569981
,1574686
,1595468
,1600747
,1620621
,1708923
,1324750
,1334395
,1341199
,1361131
,1366522
,1376497
,1383393
,1391630
,1409523
,1410221
,1451786
,1457943
,1460622
,1469677
,1494341
,1507923
,1521481
,1522293
,1525879
,1540768
,1544539
,1578427
,1588290
,1602356
,1610870
,1620620
,1634591
,1660588
,1612072
,1702543
,1379687
,1429246
,1433342
,1496471
,1506862
,1666193
,1722391
,1323068
,1375476
,1428432
,1483069
,1489551
,1510890
,1555716
,1397669
,1368129
,1457794
,1599798
,1473089
,1525727
,1594897
,1632469
,1387019
,1520484
,1681417
,1572431
,1668447
,1490597
,1493785
,1489451
,1561337
,1328230
,1330048
,1343449
,1363773
,1367976
,1372453
,1373015
,1375208
,1388892
,1401814
,1406255
,1418287
,1419512
,1442429
,1446056
,1447641
,1453138
,1455203
,1477763
,1482245
,1483415
,1505804
,1505987
,1508382
,1513587
,1513918
,1517345
,1518201
,1518636
,1519325
,1523421
,1523643
,1523874
,1528460
,1530804
,1539601
,1576846
,1578908
,1582053
,1583347
,1586519
,1590794
,1597446
,1610570
,1713218
,1717122
,1362807
,1367010
,1367440
,1372449
,1392720
,1419368
,1450011
,1452322
,1462579
,1463997
,1465077
,1473817
,1477603
,1482246
,1484531
,1489440
,1505212
,1505752
,1508060
,1508173
,1510362
,1514515
,1516798
,1535915
,1546355
,1570203
,1604544
,1610709
,1628869
,1681418
,1702544
,1720136
,1721737
,1325104
,1371653
,1376702
,1392204
,1415072
,1456202
,1494450
,1531808
,1535785
,1609366
,1642618
,1712000
,1455883
,1364163
,1441434
,1526196
,1646269
,1426856
,1717113
,1688837
,1495390
,1530249
,1551260
,1320537
,1322183
,1343450
,1348561
,1358407
,1363029
,1372456
,1376217
,1379884
,1390020
,1393201
,1395517
,1406431
,1437389
,1441292
,1447185
,1457819
,1468392
,1482421
,1484394
,1501866
,1510577
,1512249
,1513886
,1519011
,1523751
,1542534
,1551641
,1550505
,1571935
,1578373
,1591237
,1599257
,1614333
,1625223
,1634592
,1638843
,1666192
,1685908
,1695581
,1708235
,1717490
,1334354
,1368298
,1368299
,1371350
,1372454
,1402641
,1409477
,1414461
,1426440
,1465184
,1483805
,1487855
,1505377
,1505749
,1522984
,1526005
,1531563
,1541697
,1568189
,1578136
,1612007
,1662604
,1676704
,1327360
,1389360
,1464159
,1543499
,1602298
,1633904
,1505429
,1700670
,1685898
,1501722
,1509909
,1547188
,1552782
,1563379
,1564961
,1654618
,1376495
,1550042
,1499465
,1541710
,1591093
,1718094
,1521075
,1417786
,1328147
,1354198
,1354358
,1387040
,1414271
,1414869
,1418566
,1424189
,1455317
,1457658
,1461671
,1464850
,1471898
,1487544
,1488248
,1501556
,1505757
,1506519
,1508171
,1509944
,1512586
,1514244
,1518309
,1522260
,1531869
,1531927
,1536169
,1546562
,1552287
,1556928
,1565040
,1573984
,1574526
,1576890
,1578273
,1586691
,1591665
,1599412
,1605671
,1610708
,1612228
,1624726
,1643290
,1648385
,1340077
,1340802
,1393345
,1395334
,1412957
,1418547
,1421212
,1443510
,1450608
,1452435
,1456728
,1468879
,1478089
,1488160
,1513157
,1521954
,1522087
,1533796
,1543629
,1546569
,1546766
,1561038
,1581853
,1634697
,1646015
,1328567
,1370788
,1406217
,1415074
,1438749
,1443272
,1455225
,1504704
,1505795
,1676697
,1703325
,1429245
,1487511
,1572974
,1592054
,1656786
,1702545
,1346345
,1485484
,1489618
,1528468
,1531249
,1559824
,1565512
,1427238
,1472945
,1695615
,1699532
,1336209
,1337275
,1340975
,1349758
,1354201
,1367159
,1372450
,1375345
,1384911
,1393223
,1393578
,1398335
,1404387
,1404582
,1412510
,1433583
,1435404
,1441062
,1443061
,1456961
,1464182
,1465272
,1472481
,1472533
,1473117
,1487190
,1489065
,1500943
,1505191
,1511202
,1521092
,1527585
,1530246
,1534413
,1544126
,1547096
,1552291
,1558675
,1580802
,1582251
,1631882
,1634500
,1643184
,1653117
,1676712
,1321620
,1360692
,1372457
,1401126
,1405846
,1409384
,1418285
,1443088
,1448422
,1455937
,1472489
,1494127
,1500835
,1502175
,1508975
,1517538
,1527464
,1530803
,1556775
,1565035
,1572347
,1574400
,1587609
,1587944
,1591801
,1596609
,1610705
,1623953
,1634595
,1661206
,1690496
,1699536
,1699527
,1400098
,1416858
,1429050
,1437592
,1489093
,1513174
,1539578
,1586210
,1634262
,1717150
,1589728
,1583343
,1510286
,1543065
,1571537
,1573566
,1625908
,1671465
,1387471
,1392206
,1411988
,1512606
,1487537
,1526329
,1334971
,1459745
,1488783
,1578523
,1703943
,1408720
,1325103
,1325107
,1349271
,1352347
,1366539
,1414511
,1423269
,1428564
,1436524
,1438492
,1445759
,1447100
,1455204
,1464161
,1468076
,1467572
,1489800
,1494355
,1505771
,1506120
,1506478
,1508684
,1510884
,1515799
,1532274
,1540083
,1552290
,1564506
,1564689
,1569906
,1588481
,1599808
,1598285
,1605670
,1633503
,1690993
,1352485
,1353681
,1367752
,1372451
,1383455
,1414561
,1433266
,1439354
,1458168
,1461409
,1472257
,1483291
,1488788
,1499380
,1501224
,1508972
,1517355
,1523746
,1523747
,1525298
,1527532
,1532518
,1541773
,1547347
,1561424
,1564505
,1595540
,1612071
,1622036
,1622088
,1622089
,1639658
,1652332
,1662835
,1695566
,1401094
,1427825
,1428899
,1441433
,1445252
,1451794
,1502054
,1506475
,1513220
,1529941
,1591007
,1599518
,1670267
,1718100
,1531445
,1637686
,1474136
,1501335
,1509424
,1546432
,1629403
,1614456
,1462331
,1543942
,1326879
,1604627
,1346342
,1439357
,1660662
,1544288
